"Significant outliers derived by lift"
supp conf lift rule
0.001 0.480 108.835 1487 -> 1044
0.001 0.240 108.835 1044 -> 1487
0.002 0.222 64.478 937 -> 404
0.002 0.442 64.478 404 -> 937
0.001 0.310 55.274 677 -> 905
0.001 0.227 55.274 905 -> 677
0.001 0.247 53.497 1032 -> 1042
0.001 0.254 53.497 1042 -> 1032
0.001 0.191 39.754 601 -> 1598
0.001 0.238 39.754 1598 -> 601
0.001 0.278 39.223 35 -> 167
0.001 0.204 39.223 167 -> 35
0.001 0.163 38.687 386 -> 904
0.001 0.284 38.687 904 -> 386
0.001 0.351 37.224 199 -> 198
0.001 0.151 37.224 198 -> 199
0.001 0.268 36.306 1066 -> 711
0.001 0.171 36.306 711 -> 1066
0.001 0.374 35.595 818 -> 658
0.001 0.113 35.595 658 -> 818
0.001 0.287 32.779 137 -> 135
0.001 0.158 32.779 135 -> 137
"Significant outliers derived by support"
supp conf lift rule
0.004 0.219 9.728 196 -> 68
0.004 0.175 9.728 68 -> 196
0.003 0.176 15.676 196 -> 43
0.003 0.283 15.676 43 -> 196
0.003 0.359 15.502 1787 -> 83
0.003 0.133 15.502 83 -> 1787
0.003 0.170 7.346 196 -> 83
0.003 0.132 7.346 83 -> 196
0.003 0.148 8.702 209 -> 44
0.003 0.177 8.702 44 -> 209
0.003 0.309 13.718 703 -> 702
0.003 0.130 13.718 702 -> 703
0.003 0.117 5.039 68 -> 83
0.003 0.114 5.039 83 -> 68
0.003 0.144 7.076 196 -> 209
0.003 0.128 7.076 209 -> 196
0.002 0.121 5.242 209 -> 83
0.002 0.107 5.242 83 -> 209
0.002 0.112 4.979 209 -> 68
0.002 0.101 4.979 68 -> 209
0.002 0.097 8.687 68 -> 43
0.002 0.196 8.687 43 -> 68
0.002 0.186 8.021 43 -> 83
0.002 0.090 8.021 83 -> 43
"Significant outliers derived by confidence"
supp conf lift rule
0.001 0.480 108.835 1487 -> 1044
0.002 0.442 64.478 404 -> 937
0.002 0.413 17.823 1599 -> 83
0.001 0.393 21.825 68 83 -> 196
0.001 0.374 35.595 818 -> 658
0.003 0.359 15.502 1787 -> 83
0.001 0.351 37.224 199 -> 198
